16 1111111111 11 1111111111 ,

ΕκῇἳὸὶΗωξῶῑοΙξωίθηξῇῑξῆῦ, 011» Humum ‘rium 111111 11111, (pla.

1111113 ΡΑετοΝ ttss'ftftsv 111111 men 11 111 rum 11111, mem 11111 ue
qnsseffifefflffinwfiffffi 1111111. 111 111111 111 Nom 111 comum, 1111111,

111 11111111 111 1111111111 Per-on· 1111111 11101111- ;

11111.11111111, 111111 11111 (pub. 11 1111111111 1111, 11. 1111111111111111 moon ,
”offiium mamam 12111Ι 1111111111ῗὲ11 1,πῶἂῆ 111111 111111111111 1111111 11 1 {gg ³
1111, 11 11111111111111111111 1111111. ’11111111111111111111111111111,1111111111 ,

11111111 11111 111 11111 11111111 111 11111 1111111 11 omitting 111 11 111111 1111111111 111
ffiffiffiye} 3¹:12 11111111 11111111,111 111111111111111111111 111,111111111111111

“ ’111 111111 1111111 111 11 11111111111111111111 11 111 11111111111 condition 11 1111111, 1111 ι

1111111 11111111111 1111 ln 111 1111111111 mon! history 11 11111111, 11111 1111 dm 11
1111 111111 111111. 'thoy 11111 111111 111111 11 111111.”-11111111.

mames 11011118, tumn ΒΥ 110110οΕ, comm 111 0111 vomu.
’1111 11111, 1111111, 1111111111111,111111 1111111. 11111, 1111111, 111 1111111111111.)
1111111111111111111111111·11.
1111.. 1111 ..11.-1 111

108Τ ΕΒἘ 15511101 ῠΕΟΙΘΙΟΝ 01 οΗΑ1111οΤΕ111 111111111111111111111111111
”’““”ῗ”1““ 11111112111111111111111 11111 Μ’ ²⁰ ¹³''¹¹⁸⁸¹¹‘²¹ ¹12¹&
119·ῃί1101111ἶ1ρ11111111111111111111111111 111 11111111 1111111111. 111 11 111 11 111 11111
111111111111111111111111111111111111111111111111.”-1111111111111111111.

1111111111..11111111111111111111111,

eloth 11 1⁸⁴7

“ 111, ’1711111 111111 11111111111111111 1111 1111111111 111111111111 1111111 111 ,

utgrffiinrgffimffiffiffl 11 11 1111111111 11,111 11111 1111 1111 111 1111111111
111111111111111111 11111 11 damnem-or. 111 111111.

1111111111111111111111111111·

11111111 (pub. 11 11. m), 11. 11. 1119

1111111, 11111. 11111-11111 111, 111111 1

missam. mummio 1111311111011101 11 Ι111111, 1111111 11 1111 111 ’

1111111,11111.11111·11111 111, 1111111111, 11111 (1111111. 111 ,11. 111.

111 11111, 11111 11111, 11111. 11111 111, 1111111111, 11111 (111. 11 111. 111111. 11, ¹

FROssSART'S CHROMCLES, 111111 ’1111 11 11111111111111) 11111811111101111
1111111111) 1 1111, nuper-ro 11 111, 111111111 1111111111 111 11111111, 1111111111, 111111

1111111111 111111 (111. 1111, 111, 11 111. 1111
1121ττεε1-1111111111111111 uulvtnsak ΘΑΖΕΠΕΕΒ mn 61011111-

1111111.11111111111111111111111111 11111111111 11111111. ke· 11111111 11111111
1111111 1111111 111 1111111 111111 11111 1111111111 (agnat 11 111 111111111111111, 11.),
11 1111 11111111 11111111111111111111.) 11111, 111.

11 comprehensive 1111111 11 111 111111, 111 11 111 111 1111 1111111111 (11111111111 111 1111.
1111111111 1 1111 1111111 1111111111111, 1111 zema, 111. 11.

0Ε1111111111111211191111’1111110111111311 &affl-„x

11 Rome 111 111 111111111111111 1 11111111111111111111111111111111,11111111 1111111.

ffromedmeue 111111 1111111111111. 1111111111111. 111, 11111, 11. 11. 11115 ’

“mn 11111111 111 11 11 1111 1111 1111 11 11111111, 1111 1111 11 11 111 111111 111111
111ἓ11ᾒ1,1111111111111111111111ξ111111 1 {neum 11111111111111 11311 interest 11ξ111111ἰ 1111,
1111111111111. 1 11 ’1

11111 (11.1 11111111111111111111,1111111 111111111111. ¹

sutem 11111 1111111, 1111111111 111 11111111 111 811 1111111, 1111 fretae· 111 011-
111111111111 1111. 11. Rom. 11111 111 (111. 11111. uf, 11111. 11. 11. ms

ettlo's memus 05 manin ΗΑΒΤΙΝΟΒ, 1111 (immor-(immam 1
1111. 111,1111’1111111 (111. 1111. 11.),11111, 11. 11. 1111

111111111111,11111.111111111111111

eoLnsMrrH's wem, 111111111111111111. 1111111111. 11Ἅ1111 11111111 ’111111 111

affin& 11111111 1110111111111. 1111 111111111111 1111 (111. 11 11.), effi:

111111 811111111111111111111111 1111111 11111 111111111111111111111η111111
1111 111111 11111 1111111111111111111111.’“-1111111111.

1 11111111 11 11111111 11111111111111111 111 11 111 11111 11111111 ‘nun 11 hulst
1111111111.1 ”-011111111 11111111.

GORDON'S ΗΙΒΤ 0111 01 ΤΗΕ cuttu nevoturlou, 11111 11111111 111 em·
mmm ’1111111111ῗ1111111111111111131Ὲ1Ἢ
111111 111111111111111111111111111111.1111.111.1,11111,111.111 1111

“ 011111111111-111 1111 111 Walter 11111, 11 com 1111 1111 (1111111111 111111111111, ’

 

